========================================================================
MNIST reproduction - TMCore trained from scratch
========================================================================
clauses/class 40, T 10, S 125, L 10, LF 5, epochs 200
train 60000, test 10000
Loading model from D:\Moje dokumenty\Code\TM_FPTM_GraphTM\reference\BooBSD-FuzzyPatternTM\models\tm_optimized_40_fp.tm... Done.


published model: test accuracy 0.9809, literals/clause median 23, range 1-54

epoch   test acc     best    literals/clause (median, max)   epoch time
------------------------------------------------------------------------
    1   0.9443   0.9443              16    45                 0.8 s
    2   0.9572   0.9572              16    55                 0.6 s
    3   0.9609   0.9609              15    48                 0.6 s
    4   0.9616   0.9616              15    45                 0.6 s
    5   0.9624   0.9624              15    49                 0.6 s
    6   0.9656   0.9656              15    56                 0.6 s
    7   0.9654   0.9656              15    49                 0.6 s
    8   0.9659   0.9659              15    44                 0.6 s
    9   0.9677   0.9677              16    45                 0.6 s
   10   0.9668   0.9677              15    47                 0.6 s
   11   0.9677   0.9677              16    46                 0.6 s
   12   0.9683   0.9683              16    51                 0.6 s
   13   0.9682   0.9683              16    51                 0.6 s
   14   0.9674   0.9683              15    41                 0.6 s
   15   0.9685   0.9685              16    48                 0.6 s
   16   0.9684   0.9685              16    53                 0.6 s
   17   0.9700   0.9700              16    48                 0.6 s
   18   0.9704   0.9704              16    46                 0.6 s
   19   0.9698   0.9704              16    52                 0.5 s
   20   0.9699   0.9704              16    47                 0.5 s
   21   0.9684   0.9704              16    44                 0.6 s
   22   0.9711   0.9711              16    43                 0.6 s
   23   0.9711   0.9711              16    46                 0.6 s
   24   0.9693   0.9711              16    44                 0.6 s
   25   0.9720   0.9720              16    45                 0.5 s
   26   0.9716   0.9720              16    41                 0.6 s
   27   0.9691   0.9720              16    49                 0.6 s
   28   0.9709   0.9720              16    50                 0.6 s
   29   0.9700   0.9720              16    48                 0.6 s
   30   0.9714   0.9720              16    46                 0.5 s
   31   0.9700   0.9720              16    47                 0.6 s
   32   0.9710   0.9720              16    43                 0.6 s
   33   0.9727   0.9727              16    51                 0.6 s
   34   0.9711   0.9727              17    44                 0.5 s
   35   0.9707   0.9727              16    41                 0.5 s
   36   0.9706   0.9727              16    46                 0.5 s
   37   0.9722   0.9727              17    47                 0.6 s
   38   0.9718   0.9727              16    43                 0.6 s
   39   0.9728   0.9728              16    47                 0.6 s
   40   0.9714   0.9728              16    47                 0.6 s
   41   0.9724   0.9728              17    46                 0.5 s
   42   0.9735   0.9735              16    49                 0.6 s
   43   0.9740   0.9740              16    48                 0.5 s
   44   0.9725   0.9740              17    46                 0.5 s
   45   0.9731   0.9740              17    45                 0.5 s
   46   0.9725   0.9740              17    48                 0.5 s
   47   0.9726   0.9740              16    47                 0.5 s
   48   0.9730   0.9740              16    46                 0.5 s
   49   0.9726   0.9740              16    50                 0.5 s
   50   0.9732   0.9740              16    44                 0.5 s
   51   0.9725   0.9740              16    46                 0.6 s
   52   0.9726   0.9740              16    43                 0.6 s
   53   0.9725   0.9740              16    48                 0.8 s
   54   0.9721   0.9740              16    51                 0.6 s
   55   0.9726   0.9740              16    47                 0.6 s
   56   0.9713   0.9740              16    49                 0.6 s
   57   0.9738   0.9740              16    46                 0.6 s
   58   0.9727   0.9740              17    47                 0.6 s
   59   0.9719   0.9740              16    48                 0.6 s
   60   0.9743   0.9743              16    44                 0.6 s
   61   0.9725   0.9743              16    45                 0.6 s
   62   0.9708   0.9743              17    46                 0.6 s
   63   0.9729   0.9743              17    45                 0.5 s
   64   0.9715   0.9743              16    44                 0.6 s
   65   0.9715   0.9743              16    44                 0.7 s
   66   0.9720   0.9743              16    45                 0.6 s
   67   0.9722   0.9743              16    48                 0.6 s
   68   0.9738   0.9743              16    43                 0.5 s
   69   0.9725   0.9743              16    42                 0.5 s
   70   0.9740   0.9743              17    44                 0.6 s
   71   0.9727   0.9743              17    45                 0.6 s
   72   0.9732   0.9743              16    44                 0.5 s
   73   0.9734   0.9743              16    45                 0.5 s
   74   0.9724   0.9743              17    43                 0.5 s
   75   0.9718   0.9743              17    47                 0.5 s
   76   0.9728   0.9743              16    47                 0.6 s
   77   0.9723   0.9743              16    45                 0.6 s
   78   0.9742   0.9743              17    47                 0.6 s
   79   0.9725   0.9743              17    47                 0.6 s
   80   0.9699   0.9743              16    44                 0.5 s
   81   0.9724   0.9743              16    44                 0.5 s
   82   0.9748   0.9748              16    47                 0.5 s
   83   0.9744   0.9748              17    47                 0.5 s
   84   0.9737   0.9748              16    48                 0.5 s
   85   0.9749   0.9749              16    45                 0.6 s
   86   0.9741   0.9749              16    45                 0.5 s
   87   0.9731   0.9749              17    42                 0.6 s
   88   0.9738   0.9749              16    44                 0.6 s
   89   0.9742   0.9749              16    45                 0.5 s
   90   0.9725   0.9749              17    43                 0.6 s
   91   0.9725   0.9749              17    46                 0.5 s
   92   0.9737   0.9749              16    43                 0.8 s
   93   0.9738   0.9749              16    43                 0.7 s
   94   0.9709   0.9749              17    44                 0.6 s
   95   0.9740   0.9749              16    43                 0.6 s
   96   0.9738   0.9749              16    43                 0.6 s
   97   0.9731   0.9749              16    47                 0.5 s
   98   0.9755   0.9755              17    44                 0.5 s
   99   0.9729   0.9755              16    43                 0.5 s
  100   0.9735   0.9755              16    43                 0.5 s
  101   0.9724   0.9755              17    46                 0.6 s
  102   0.9744   0.9755              16    42                 0.6 s
  103   0.9751   0.9755              16    44                 0.6 s
  104   0.9738   0.9755              16    44                 0.6 s
  105   0.9720   0.9755              16    47                 0.6 s
  106   0.9742   0.9755              16    48                 0.6 s
  107   0.9729   0.9755              16    45                 0.5 s
  108   0.9736   0.9755              17    46                 0.5 s
  109   0.9729   0.9755              16    50                 0.5 s
  110   0.9734   0.9755              16    52                 0.5 s
  111   0.9744   0.9755              16    45                 0.5 s
  112   0.9745   0.9755              17    43                 0.5 s
  113   0.9739   0.9755              16    45                 0.6 s
  114   0.9739   0.9755              17    44                 0.6 s
  115   0.9729   0.9755              16    46                 0.7 s
  116   0.9736   0.9755              17    41                 0.6 s
  117   0.9735   0.9755              16    43                 0.5 s
  118   0.9728   0.9755              17    47                 0.6 s
  119   0.9725   0.9755              16    40                 0.6 s
  120   0.9733   0.9755              16    47                 0.7 s
  121   0.9751   0.9755              17    47                 0.7 s
  122   0.9737   0.9755              16    43                 0.6 s
  123   0.9729   0.9755              16    41                 0.6 s
  124   0.9713   0.9755              17    42                 0.6 s
  125   0.9724   0.9755              17    52                 0.6 s
  126   0.9737   0.9755              16    47                 0.6 s
  127   0.9746   0.9755              16    48                 0.6 s
  128   0.9739   0.9755              17    46                 0.6 s
  129   0.9732   0.9755              16    49                 0.6 s
  130   0.9729   0.9755              17    42                 0.5 s
  131   0.9733   0.9755              17    45                 0.5 s
  132   0.9733   0.9755              16    42                 0.5 s
  133   0.9724   0.9755              16    41                 0.5 s
  134   0.9741   0.9755              17    42                 0.5 s
  135   0.9744   0.9755              16    47                 0.6 s
  136   0.9732   0.9755              17    50                 0.6 s
  137   0.9756   0.9756              17    46                 0.5 s
  138   0.9723   0.9756              16    47                 0.5 s
  139   0.9737   0.9756              17    49                 0.5 s
  140   0.9739   0.9756              17    41                 0.6 s
  141   0.9735   0.9756              16    43                 0.5 s
  142   0.9744   0.9756              17    43                 0.6 s
  143   0.9737   0.9756              17    45                 0.5 s
  144   0.9732   0.9756              17    49                 0.5 s
  145   0.9737   0.9756              17    41                 0.5 s
  146   0.9720   0.9756              16    47                 0.5 s
  147   0.9740   0.9756              17    47                 0.5 s
  148   0.9732   0.9756              17    44                 0.6 s
  149   0.9741   0.9756              17    47                 0.7 s
  150   0.9727   0.9756              16    45                 0.6 s
  151   0.9745   0.9756              17    40                 0.6 s
  152   0.9750   0.9756              17    43                 0.6 s
  153   0.9739   0.9756              17    48                 0.5 s
  154   0.9737   0.9756              17    45                 0.5 s
  155   0.9753   0.9756              17    41                 0.5 s
  156   0.9752   0.9756              17    47                 0.5 s
  157   0.9743   0.9756              17    44                 0.6 s
  158   0.9729   0.9756              16    46                 0.6 s
  159   0.9757   0.9757              16    46                 0.6 s
  160   0.9727   0.9757              17    41                 0.5 s
  161   0.9741   0.9757              16    40                 0.5 s
  162   0.9740   0.9757              16    46                 0.6 s
  163   0.9730   0.9757              17    43                 0.5 s
  164   0.9746   0.9757              17    47                 0.6 s
  165   0.9728   0.9757              16    44                 0.5 s
  166   0.9727   0.9757              16    42                 0.5 s
  167   0.9737   0.9757              17    45                 0.6 s
  168   0.9735   0.9757              17    47                 0.6 s
  169   0.9740   0.9757              16    48                 0.6 s
  170   0.9730   0.9757              16    42                 0.5 s
  171   0.9729   0.9757              16    41                 0.5 s
  172   0.9745   0.9757              16    44                 0.6 s
  173   0.9730   0.9757              16    46                 0.5 s
  174   0.9732   0.9757              16    44                 0.5 s
  175   0.9747   0.9757              16    46                 0.6 s
  176   0.9728   0.9757              17    47                 0.7 s
  177   0.9747   0.9757              16    45                 0.7 s
  178   0.9740   0.9757              17    44                 0.6 s
  179   0.9742   0.9757              16    45                 0.6 s
  180   0.9769   0.9769              17    42                 0.5 s
  181   0.9723   0.9769              16    45                 0.5 s
  182   0.9724   0.9769              16    44                 0.5 s
  183   0.9739   0.9769              17    43                 0.6 s
  184   0.9718   0.9769              17    44                 0.6 s
  185   0.9743   0.9769              16    41                 0.5 s
  186   0.9735   0.9769              17    44                 0.5 s
  187   0.9733   0.9769              16    46                 0.5 s
  188   0.9730   0.9769              17    42                 0.5 s
  189   0.9730   0.9769              17    40                 0.6 s
  190   0.9743   0.9769              16    45                 0.6 s
  191   0.9747   0.9769              16    46                 0.6 s
  192   0.9733   0.9769              17    48                 0.5 s
  193   0.9729   0.9769              17    47                 0.6 s
  194   0.9734   0.9769              16    49                 0.6 s
  195   0.9744   0.9769              16    43                 0.5 s
  196   0.9728   0.9769              16    48                 0.6 s
  197   0.9725   0.9769              16    44                 0.6 s
  198   0.9739   0.9769              17    47                 0.5 s
  199   0.9746   0.9769              17    50                 0.5 s
  200   0.9740   0.9769              16    46                 0.6 s

========================================================================
best test accuracy : 0.9769  (epoch 180)
published model    : 0.9809
gap                : -0.0040

literals/clause  ours      median  16  range   1- 46
                 published median  23  range   1- 54
L = 10, so both should sit well above it if the growth gate is reproduced
